175 99
179 99
183 99
188 98
193 98
199 98
205 98
210 97
215 95
219 93
223 90
226 86
228 82
229 78
230 74
231 70
233 66
237 62
240 59
244 57
248 55
252 54
256 54
260 55
265 58
268 61
272 65
275 69
277 74
278 78
279 83
280 88
281 93
283 98
285 103
288 107
291 110
295 112
300 113
304 113
308 113
313 112
317 110
321 108
325 104
328 100
331 95
334 91
337 87
340 83
343 79
347 75
352 72
357 69
362 68
367 68
372 69
376 71
379 74
382 78
384 82
385 86
386 91
388 96
391 100
395 103
399 105
403 107
407 108
411 108
415 107
420 105
424 104
428 104
434 104
439 105
444 108
448 112
452 115
457 117
461 118
465 118
469 117
474 115
479 113
483 111
487 109
492 106
495 103
498 98
499 94
499 90
498 86
496 82
493 78
490 75
485 72
480 70
475 69
470 68
466 68
461 69
457 70
452 72
447 75
443 78
440 81
437 86
436 90
436 94
437 98
440 103
443 107
447 111
451 114
456 117
460 119
465 121
470 123
475 125
480 128
484 131
487 134
490 138
493 142
496 147
499 152
502 157
505 162
508 167
511 171
514 174
519 177
523 178
527 179
532 180
537 181
542 182
547 183
551 185
556 187
561 189
565 191
569 193
572 196
574 200
575 204
575 210
574 215
571 220
568 223
563 226
559 228
555 231
552 234
550 238
549 243
549 249
550 254
553 259
556 263
559 267
562 271
565 275
568 279
571 284
574 287
578 290
582 294
586 297
590 300
594 303
599 305
603 306
608 308
613 310
617 311
621 311
626 310
630 309
634 307
638 306
642 305
647 303
652 301
656 300
660 300
664 301
669 303
674 306
677 309
680 314
681 319
681 325
681 331
680 336
679 341
676 346
672 350
669 353
665 355
660 356
656 356
652 356
647 355
643 353
639 350
636 346
633 341
631 336
630 331
630 325
631 321
634 316
637 312
640 309
643 306
647 303
652 301
656 300
660 300
664 301
669 303
674 306
677 309
680 314
681 319
681 325
681 331
680 336
680 341
680 347
680 353
680 357
680 363
680 368
680 373
680 379
680 385
679 390
679 396
679 402
679 408
679 414
679 420
679 426
679 432
680 437
680 443
680 449
680 455
680 461
681 466
682 471
682 477
683 482
683 488
682 493
682 499
681 504
680 509
679 514
678 518
676 522
674 527
672 531
670 535
668 539
666 543
663 547
660 551
656 555
653 558
649 562
645 566
641 570
636 573
631 576
626 579
621 581
616 583
611 585
606 586
602 587
597 588
592 589
587 590
582 591
576 591
571 590
566 589
561 588
556 587
551 586
546 585
541 584
537 583
533 582
528 580
523 578
518 576
513 574
508 572
504 570
499 568
495 567
491 566
486 565
481 564
476 563
471 562
466 561
461 560
456 560
452 560
448 560
444 560
440 560
436 560
431 559
427 557
424 554
422 550
420 545
419 540
418 535
418 531
417 526
416 522
415 518
414 514
413 509
411 505
408 501
405 497
402 493
398 490
394 488
389 486
385 485
381 484
377 483
371 483
366 483
361 484
357 485
353 486
349 488
345 490
341 492
336 495
332 498
329 502
327 506
325 511
324 516
323 521
323 527
323 533
323 539
323 545
323 551
323 557
323 562
324 567
326 572
329 577
332 580
337 583
341 584
346 584
350 584
354 583
358 581
362 578
365 575
367 571
370 566
373 562
376 559
381 556
385 555
390 555
394 556
399 557
403 559
406 562
409 566
411 570
412 574
413 579
413 583
412 588
409 593
406 596
401 599
397 602
393 605
388 607
383 609
378 610
374 610
370 610
366 610
361 609
356 608
352 607
347 605
343 603
338 600
334 597
331 593
328 589
326 585
324 580
323 575
323 570
323 566
323 562
323 557
323 551
323 545
323 541
323 537
323 533
323 529
323 525
323 521
324 516
325 511
327 506
329 502
332 498
336 495
341 492
345 490
349 488
353 486
357 485
361 484
366 483
371 483
377 483
381 484
385 485
389 486
394 488
398 490
402 493
405 497
408 501
411 505
413 509
414 514
415 518
416 522
417 526
418 531
418 535
419 540
420 545
422 550
424 554
427 557
431 559
436 560
440 560
444 560
449 560
454 561
460 561
466 561
471 562
476 563
481 564
486 565
491 566
495 567
499 568
504 570
508 572
513 574
518 576
523 578
528 580
533 582
537 583
541 584
546 585
551 586
556 587
561 588
566 589
571 590
576 591
582 591
587 590
592 589
597 588
602 587
606 586
611 585
616 583
621 581
626 579
631 576
636 573
641 570
645 566
649 562
653 558
656 555
660 551
663 547
666 543
668 539
670 535
672 531
674 527
676 522
678 518
679 514
680 509
681 504
682 499
682 493
683 488
683 483
682 478
682 474
681 469
680 464
678 459
677 455
675 450
673 446
671 442
668 437
665 432
662 427
659 423
656 420
653 417
650 414
647 411
644 408
641 405
637 402
633 399
629 396
625 394
620 392
616 390
611 388
606 386
601 384
597 383
592 382
586 382
581 381
576 380
572 380
567 381
562 382
557 383
552 384
548 384
544 384
540 384
536 383
532 382
527 379
524 376
521 373
518 369
515 365
513 360
512 355
512 351
513 346
515 341
518 337
521 333
525 330
529 327
534 324
539 321
543 317
546 314
549 309
550 304
550 298
549 293
546 288
543 283
539 279
535 276
531 273
527 270
522 267
517 265
512 264
507 263
502 262
497 261
492 260
488 260
484 259
480 257
476 255
472 253
468 249
464 246
461 243
458 240
454 237
449 235
444 234
440 234
435 235
430 236
426 237
422 238
418 239
414 240
410 241
406 241
402 240
398 238
395 235
392 232
389 228
386 224
383 220
380 216
376 213
371 210
366 207
362 204
358 201
355 198
352 193
350 188
348 183
346 178
344 174
341 169
338 166
334 163
330 161
326 160
320 160
316 161
311 164
308 167
305 172
301 176
298 179
294 182
289 185
284 188
279 191
275 193
271 195
266 198
262 201
259 205
256 209
254 213
252 217
250 221
249 225
248 229
247 233
246 237
245 242
244 247
243 252
242 257
241 261
240 265
238 269
236 273
233 278
231 282
228 287
225 291
222 295
219 298
216 301
213 305
209 308
206 311
202 314
198 317
194 319
189 321
185 323
180 325
175 327
170 328
165 329
161 330
157 331
152 332
147 333
142 334
137 335
132 335
127 334
122 333
118 333
113 332
109 331
104 329
99 327
95 325
90 322
85 319
81 316
77 313
73 309
70 305
67 301
64 298
61 293
60 288
60 284
61 279
64 274
67 271
72 268
76 267
80 267
85 268
89 270
93 272
97 275
102 278
107 281
112 284
116 286
121 288
126 289
131 290
136 291
141 291
147 291
152 291
157 290
162 288
167 286
171 284
176 281
180 278
183 275
186 271
189 268
192 263
194 259
196 255
198 251
201 246
202 242
202 238
201 234
198 229
195 226
192 223
188 221
183 220
179 220
175 221
170 224
167 227
165 231
163 236
162 241
162 246
161 251
159 256
156 261
153 264
150 267
146 269
142 270
138 270
134 269
129 266
126 263
123 258
122 253
122 249
123 244
125 240
128 237
133 234
137 232
141 230
145 228
150 226
154 223
157 219
159 215
160 211
160 207
159 203
158 199
156 195
153 192
148 189
144 188
140 188
136 189
131 192
128 195
125 199
123 204
121 209
120 213
119 217
118 222
116 227
113 232
110 235
106 237
102 238
98 238
94 237
89 234
86 231
83 226
82 221
82 217
83 213
85 208
87 203
89 198
92 193
95 189
98 185
102 181
107 178
112 175
117 172
122 170
127 169
132 168
137 167
142 166
148 166
153 167
158 168
162 169
166 171
170 173
175 176
180 179
185 182
190 185
195 187
199 188
203 188
207 187
211 185
214 182
217 177
218 173
218 169
217 165
214 160
210 156
207 152
203 148
199 144
195 141
190 138
186 136
182 134
177 132
173 130
169 129
165 128
161 127
156 126
151 125
146 125
142 125
138 125
134 125
130 125
125 126
120 127
115 128
110 129
105 131
100 133
95 135
90 138
85 141
81 144
77 147
73 150
69 154
65 158
62 162
59 166
56 170
53 174
50 178
48 182
46 186
44 191
42 196
41 201
40 206
39 211
38 216
37 221
36 226
35 231
35 235
35 241
34 246
34 252
34 258
34 264
34 270
34 276
34 282
34 288
34 294
34 300
34 306
34 312
34 318
34 324
34 330
34 336
34 342
34 348
34 354
34 360
34 366
34 372
35 377
36 382
37 386
39 391
41 396
44 400
48 404
52 408
55 411
58 414
61 417
65 420
69 423
72 427
75 431
78 435
80 439
82 443
83 447
84 451
84 455
83 459
80 464
78 468
75 472
71 475
67 478
63 481
59 484
55 487
52 490
49 493
46 497
43 501
40 505
37 509
35 514
34 519
34 523
34 527
35 531
37 535
40 538
43 542
47 545
52 548
56 549
60 549
64 548
68 546
72 543
75 540
77 536
79 531
81 526
82 521
82 517
81 513
79 509
76 505
73 502
68 499
64 498
58 498
54 498
49 499
44 502
40 505
37 509
35 514
34 519
33 524
33 528
33 532
33 538
33 544
33 550
33 554
33 560
33 566
34 571
36 576
38 581
41 585
45 588
50 590
55 591
59 591
64 590
68 589
72 587
76 585
81 583
86 581
91 579
96 577
101 576
105 576
109 576
115 576
120 577
125 578
130 580
135 583
139 586
142 590
144 594
146 598
148 602
149 606
149 610
148 614
145 619
142 623
138 627
135 630
132 635
130 640
128 645
127 650
127 656
128 661
129 665
131 670
134 674
138 677
142 679
147 681
152 682
157 682
162 681
167 679
171 677
174 674
177 670
180 665
182 660
183 656
184 652
185 648
186 644
187 640
188 636
189 632
191 627
193 622
195 617
197 613
199 609
202 604
206 600
211 597
215 596
219 596
223 596
228 597
232 599
237 602
241 606
244 609
246 613
247 617
247 621
248 626
249 631
250 636
252 641
255 646
259 650
263 653
268 656
272 657
276 658
282 658
286 657
290 656
294 654
299 652
303 649
306 646
309 642
312 639
315 636
319 632
324 629
329 628
335 628
340 629
345 630
350 631
356 631
362 631
367 630
372 629
376 628
380 627
384 626
388 625
393 623
398 621
403 620
407 620
412 621
416 622
421 624
425 627
428 630
432 633
436 636
440 640
444 644
448 646
452 648
456 649
461 650
466 651
471 651
476 650
481 649
486 648
491 647
497 647
503 647
509 647
